    1.9260       2.239341       0.000106
    2.1220       2.543566       0.001242
    2.2460       2.748849       0.001551
    2.3340       2.902973       0.000308
    2.4160       3.048216       0.001520
    2.4840       3.174252       0.001357
    2.5440       3.288521       0.001214
    2.5940       3.387353       0.000299
    2.6500       3.496471       0.001683
    2.6920       3.582395       0.001382
    2.7300       3.662521       0.000557
    2.7700       3.746950       0.000450
    2.8120       3.836457       0.000742
    2.8500       3.918366       0.001260
    2.8800       3.984008       0.001663
    2.9100       4.054687       0.000011
    2.9440       4.129943       0.001088
    2.9700       4.191569       0.000317
    2.9980       4.256479       0.000570
    3.0260       4.322991       0.000463
    3.0560       4.392192       0.001721
    3.0780       4.447710       0.000746
    3.1080       4.520607       0.001096
    3.1320       4.579207       0.001557
    3.1560       4.639695       0.001478
    3.1800       4.702512       0.000695
    3.1980       4.748698       0.000693
    3.2240       4.813721       0.001685
    3.2420       4.863222       0.000700
    3.2680       4.932224       0.000618
    3.2880       4.983215       0.001617
    3.3060       5.035625       0.000077
    3.3260       5.089942       0.000129
    3.3480       5.146073       0.001819
    3.3680       5.202931       0.001288
    3.3820       5.242678       0.001054
    3.4020       5.300247       0.000611
    3.4240       5.360363       0.001560
    3.4380       5.402363       0.000883
    3.4600       5.463969       0.001656
    3.4740       5.507345       0.000742
    3.4960       5.573639       0.000209
    3.5100       5.615775       0.000016
    3.5260       5.662025       0.000590
    3.5420       5.709305       0.000921
    3.5580       5.757289       0.001128
    3.5740       5.805868       0.001255
    3.5960       5.876954       0.000181
    3.6120       5.926907       0.000150
    3.6220       5.954848       0.001289
    3.6380       6.005596       0.001192
    3.6540       6.056942       0.001026
    3.6700       6.108976       0.000764
    3.6860       6.161912       0.000341
    3.7040       6.217148       0.001414
    3.7140       6.250378       0.001249
    3.7240       5.017622       0.001239
    3.7240       5.018305       0.001133
    3.7240       5.018951       0.001029
    3.7240       5.019638       0.000926
    3.7240       5.020312       0.000826
    3.7240       5.020968       0.000729
    3.7240       5.021627       0.000637
    3.7240       5.022213       0.000550
    3.7240       5.022798       0.000472
    3.7240       5.023264       0.000402
    3.7240       5.023694       0.000342
    3.7240       5.023973       0.000296
    3.7240       5.024171       0.000262
    3.7240       5.024198       0.000244
    3.7240       5.024102       0.000243
    3.7240       5.023837       0.000256
    3.7240       5.023417       0.000288
    3.7240       5.022863       0.000331
    3.7240       5.022126       0.000393
    3.7240       5.021329       0.000461
    3.7240       5.020322       0.000546
    3.7240       5.019324       0.000633
    3.7240       5.018150       0.000730
    3.7240       5.016953       0.000833
    3.7240       5.015679       0.000939
    3.7240       5.014305       0.001049
    3.7240       5.012969       0.001160
    3.7240       5.011504       0.001274
    3.7240       5.010070       0.001384
    3.7240       5.008582       0.001498
    3.7280       5.055595       0.001085
    3.7280       5.056999       0.000886
    3.7280       5.058690       0.000666
    3.7280       5.060590       0.000421
    3.7280       5.062857       0.000139
    3.7280       5.062477       0.000264
    3.7280       5.059169       0.000563
    3.7280       5.056163       0.000825
    3.7280       5.053530       0.001053
    3.7280       5.051012       0.001262
    3.7280       5.048574       0.001455
    3.7280       5.046324       0.001630
    3.7300       6.304585       0.000777
    3.7300       5.065891       0.001788
    3.7300       5.069529       0.001360
    3.7300       5.075216       0.000706
    3.7300       5.080210       0.000587
    3.7300       5.071795       0.001399
    3.7300       5.066598       0.001890
    3.7320       5.090488       0.001070
    3.7320       5.092437       0.000800
    3.7320       5.094845       0.000482
    3.7320       5.097940       0.000091
    3.7320       5.106952       0.000094
    3.7320       5.101718       0.000557
    3.7320       5.097512       0.000915
    3.7320       5.093907       0.001211
    3.7320       5.090765       0.001465
    3.7320       5.087809       0.001693
    3.7340       5.102440       0.001550
    3.7340       5.110018       0.000637
    3.7340       5.115146       0.001366
    3.7360       5.125732       0.000829
    3.7360       5.128608       0.000445
    3.7360       5.148792       0.000349
    3.7360       5.142931       0.000841
    3.7360       5.138283       0.001216
    3.7360       5.134452       0.001518
    3.7360       5.130983       0.001781
    3.7380       5.132756       0.001925
    3.7380       5.139128       0.001127
    3.7380       5.157892       0.001570
    3.7400       5.158516       0.000799
    3.7400       5.161931       0.000339
    3.7400       5.191844       0.000633
    3.7400       5.185848       0.001116
    3.7400       5.181044       0.001487
    3.7400       5.176925       0.001792
    3.7420       5.167228       0.001664
    3.7420       5.178414       0.000241
    3.7420       5.200968       0.001884
    3.7440       5.188967       0.000994
    3.7440       5.192251       0.000537
    3.7440       5.239023       0.000701
    3.7440       5.232257       0.001227
    3.7440       5.227077       0.001616
    3.7460       5.197295       0.001878
    3.7460       5.206932       0.000620
    3.7460       5.249794       0.001841
    3.7480       6.361085       0.001814
    3.7480       5.220492       0.000948
    3.7480       5.224242       0.000422
    3.7480       5.293376       0.000327
    3.7480       5.284050       0.001044
    3.7480       5.277724       0.001518
    3.7480       5.272593       0.001886
    3.7500       5.230471       0.001602
    3.7500       5.320584       0.000179
    3.7520       5.254411       0.000491
    3.7520       5.347339       0.000111
    3.7520       5.335694       0.000990
    3.7520       5.328434       0.001522
    3.7520       5.322750       0.001922
    3.7540       5.260790       0.001633
    3.7540       5.372868       0.000047
    3.7560       5.282924       0.000727
    3.7560       5.398871       0.000190
    3.7560       5.386560       0.001094
    3.7560       5.378954       0.001637
    3.7580       6.396239       0.001267
    3.7580       5.288543       0.001956
    3.7580       5.301854       0.000142
    3.7600       5.314651       0.000444
    3.7600       5.447908       0.000544
    3.7600       5.436727       0.001341
    3.7600       5.429321       0.001850
    3.7620       5.322562       0.001358
    3.7620       5.479619       0.000138
    3.7640       5.345601       0.000218
    3.7640       5.496201       0.001030
    3.7640       5.486710       0.001678
    3.7660       5.356929       0.000645
    3.7660       5.514707       0.001722
    3.7660       5.536861       0.000063
    3.7680       5.375516       0.000087
    3.7680       5.556907       0.000730
    3.7680       5.545015       0.001537
    3.7700       5.594696       0.000032
    3.7720       5.404216       0.000083
    3.7720       5.392115       0.001780
    3.7720       5.618282       0.000481
    3.7720       5.603746       0.001453
    3.7740       6.452262       0.000590
    3.7740       5.652916       0.000059
    3.7760       5.431734       0.000209
    3.7760       5.424353       0.001250
    3.7760       5.679635       0.000332
    3.7760       5.662796       0.001441
    3.7780       5.711697       0.000129
    3.7800       5.458305       0.000440
    3.7800       5.447848       0.001922
    3.7800       5.739419       0.000375
    3.7800       5.721869       0.001506
    3.7820       5.469839       0.000769
    3.7820       5.770709       0.000259
    3.7840       5.484207       0.000739
    3.7840       5.797729       0.000591
    3.7840       5.780840       0.001653
    3.7860       5.492832       0.001470
    3.7880       5.516073       0.000095
    3.7880       5.855270       0.000929
    3.7880       5.840124       0.001853
    3.7900       5.899454       0.000112
    3.7920       6.513477       0.000546
    3.7920       5.539916       0.000632
    3.7920       5.912957       0.001317
    3.7940       5.550886       0.000998
    3.7940       5.956105       0.000669
    3.7940       5.959711       0.000381
    3.7960       5.570748       0.000070
    3.7960       5.993508       0.000404
    3.7960       5.971532       0.001711
    3.7980       6.030931       0.000107
    3.8000       5.593096       0.000782
    3.8000       6.047055       0.001187
    3.8020       6.546641       0.000846
    3.8020       5.603404       0.001221
    3.8020       6.091712       0.000479
    3.8040       5.622340       0.000396
    3.8040       6.129966       0.000317
    3.8040       6.104522       0.001778
    3.8060       6.164350       0.000275
    3.8080       6.180730       0.001380
    3.8100       5.652136       0.001918
    3.8100       6.238451       0.000066
    3.8120       6.260688       0.000848
    3.8140       5.682198       0.001344
    3.8140       6.299792       0.000595
    3.8160       5.699505       0.000721
    3.8160       6.314475       0.001831
    3.8180       5.713865       0.000491
    3.8180       6.349272       0.001935
    3.8180       6.374607       0.000488
    3.8200       6.607572       0.001137
    3.8200       5.726806       0.000522
    3.8200       6.391915       0.001596
    3.8240       5.753826       0.000345
    3.8240       6.470786       0.001356
    3.8280       5.780464       0.000199
    3.8300       6.643032       0.000876
    3.8320       5.806712       0.000097
    3.8360       5.832439       0.000052
    3.8400       5.857676       0.000066
    3.8440       5.882388       0.000146
    3.8480       6.706366       0.000695
    3.8480       5.906637       0.000280
    3.8520       5.930509       0.000459
    3.8560       5.954083       0.000673
    3.8580       6.741430       0.000697
    3.8660       6.016141       0.000584
    3.8700       6.781330       0.001405
    3.8700       6.035312       0.001465
    3.8720       6.055713       0.000107
    3.8760       6.077044       0.000613
    3.8860       6.842274       0.000195
    3.8860       6.134067       0.001162
    3.8880       6.151917       0.000182
    3.8980       6.882181       0.001062
    3.8980       6.210472       0.000364
    3.9000       6.224221       0.000050
    3.9100       6.280040       0.000599
    3.9120       6.293441       0.000324
    3.9180       6.952142       0.001658
    3.9220       6.344696       0.001579
    3.9260       6.985736       0.000341
    3.9300       6.397149       0.000534
    3.9320       6.408352       0.000614
    3.9380       7.026979       0.001046
    3.9400       6.455712       0.000393
    3.9480       6.502179       0.000289
    3.9500       7.069363       0.001490
    3.9560       6.547636       0.000321
    3.9640       6.592071       0.000496
    3.9680       7.135007       0.001713
    3.9700       9.264753       0.000461
    3.9780       7.176018       0.000633
    3.9800       6.675223       0.001752
    3.9860       6.711166       0.001331
    3.9900       7.219108       0.001113
    3.9920       6.750335       0.000300
    4.0020       7.262957       0.001450
    4.0060       6.824291       0.000982
    4.0120       6.859753       0.000562
    4.0200       7.334064       0.000636
    4.0240       6.927999       0.000136
    4.0320       7.375039       0.001930
    4.0380       6.994946       0.001916
    4.0420       7.418474       0.000545
    4.0480       7.058920       0.000120
    4.0540       7.463399       0.000896
    4.0600       7.121241       0.000614
    4.0660       7.508941       0.001150
    4.0780       7.554970       0.001343
    4.0780       7.214348       0.001314
    4.0900       7.601422       0.001494
    4.0920      11.574212       0.001783
    4.0960       7.312342       0.000972
    4.1020       7.648262       0.001614
    4.1040       7.356064       0.000756
    4.1140       7.695470       0.001708
    4.1260       7.474340       0.000401
    4.1320       7.773138       0.000225
    4.1400       7.548484       0.000320
    4.1440       7.818765       0.000910
    4.1560       7.866290       0.001175
    4.1600       7.653976       0.000182
    4.1680       7.914734       0.001277
    4.1700      13.100904       0.000659
    4.1800       7.963929       0.001260
    4.1900       7.802910       0.001604
    4.1920       8.013917       0.001117
    4.2040       8.065034       0.000767
    4.2040       7.878449       0.001018
    4.2180       8.121123       0.001327
    4.2220       8.135976       0.001785
    4.2320       8.026246       0.000344
    4.2340       8.186688       0.001715
    4.2380      14.429969       0.000333
    4.2460       8.237784       0.001623
    4.2580       8.289284       0.001507
    4.2660       8.197750       0.000903
    4.2700       8.341217       0.001361
    4.2820       8.393628       0.001173
    4.2940       8.446596       0.000928
    4.3000      15.622201       0.001560
    4.3020       8.384600       0.000240
    4.3060       8.500279       0.000588
    4.3180       8.555087       0.000061
    4.3320       8.613822       0.000753
    4.3380       8.635827       0.001804
    4.3500       8.690164       0.001578
    4.3500       8.619881       0.001866
    4.3500      16.636730       0.000267
    4.3620       8.745104       0.001288
    4.3740       8.800846       0.000890
    4.3860       8.857942       0.000263
    4.3980      17.584920       0.000714
    4.4000       8.921836       0.000239
    4.4000       8.875077       0.001266
    4.4060       8.942448       0.001768
    4.4180       8.999097       0.001436
    4.4300       9.056684       0.000972
    4.4420       9.116083       0.000187
    4.4480       9.144738       0.000045
    4.4480      18.573059       0.001585
    4.4620       9.203040       0.001668
    4.4740       9.261831       0.001214
    4.4860       9.322290       0.000478
    4.4920       9.352563       0.000122
    4.4920      19.479733       0.000900
    4.5060       9.412263       0.001715
    4.5080       9.418689       0.000902
    4.5180       9.472598       0.001206
    4.5300       9.535112       0.000315
    4.5300      20.272761       0.000141
    4.5360       9.565512       0.000072
    4.5500       9.626826       0.001599
    4.5620       9.689180       0.000945
    4.5720      21.101789       0.001961
    4.5760       9.757057       0.001277
    4.6060      21.828908       0.001009
    4.6480      22.701431       0.001438
    4.6840      23.463586       0.001457
    4.7220      24.285764       0.000995
    4.7500      24.901388       0.000441
    4.7820      25.582739       0.001084
    4.8200      26.411352       0.001312
    4.8520      27.111309       0.001704
    4.8840      27.829558       0.001562
    4.9160      28.571823       0.000653
    4.9420      29.155607       0.000991
    4.9740      29.904407       0.000365
    5.0080      30.693555       0.000333
    5.0340      31.296898       0.000550
    5.0620      31.940704       0.001268
    5.0940      32.732127       0.000064
    5.1220      33.387922       0.000816
    5.1500      34.057303       0.001252
    5.1840      34.891849       0.001250
    5.2100      35.565359       0.000083
    5.2380      36.255312       0.000517
    5.2660      36.955807       0.000798
    5.2940      37.665413       0.000995
    5.3220      38.383292       0.001139
    5.3500      39.109542       0.001246
    5.3780      39.843935       0.001325
    5.4060      40.586296       0.001388
    5.4340      41.336855       0.001437
    5.4620      42.095372       0.001479
    5.4900      42.862079       0.001518
    5.5180      43.637071       0.001557
    5.5460      44.420164       0.001600
    5.5740      45.211652       0.001650
    5.6100      46.240427       0.001779
    5.6360      47.024580       0.000764
    5.6640      47.829221       0.001344
    5.6920      48.646466       0.001804
    5.7180      49.474037       0.000219
    5.7460      50.312106       0.000596
    5.7740      51.160412       0.000948
    5.8020      52.018819       0.001284
    5.8300      52.887494       0.001604
    5.8660      54.023968       0.001874
    5.8900      54.847179       0.000319
    5.9180      55.732470       0.001138
    5.9460      56.635848       0.001717
    5.9800      57.762778       0.001960
    6.0060      58.665487       0.001261
    6.0340      59.597954       0.001995
    6.0660      60.739644       0.001047
    6.0920      61.688406       0.000015
    6.1260      62.853121       0.001271
    6.1600      64.062596       0.001751
    6.1860      65.009141       0.001848
    6.2180      66.212816       0.001342
    6.2500      67.438263       0.000720
    6.2840      68.689748       0.001883
    6.3160      69.992200       0.000208
    6.3400      70.928923       0.000294
    6.3800      72.503299       0.000690
    6.4100      73.735322       0.000174
    6.4420      75.009157       0.001064
    6.4740      76.308775       0.001768
    6.5040      77.631037       0.000369
    6.5420      79.218254       0.001276
    6.5720      80.561741       0.000357
    6.6100      82.181090       0.001672
    6.6460      83.841476       0.000688
    6.6760      85.212987       0.000601
    6.7120      86.884338       0.000502
    6.7480      88.576972       0.000550
    6.7920      90.682928       0.000649
    6.8260      92.318577       0.001157
    6.8600      94.055061       0.000161
    6.9020      96.178159       0.000151
    6.9360      97.914873       0.000388
    6.9780     100.035916       0.001873
    7.0180     102.187158       0.001558
    7.0580     104.355542       0.001684
    7.0960     106.543608       0.000198
    7.1360     108.765585       0.000848
    7.1820     111.357996       0.001856
    7.2280     114.086890       0.001517
    7.2640     116.279282       0.001007
    7.3080     118.967261       0.001108
    7.3580     122.093257       0.001201
    7.4000     124.816608       0.000669
    7.4500     128.017752       0.001774
    7.4980     131.272861       0.001207
    7.5460     134.521002       0.001855
    7.5920     137.817015       0.000888
    7.6460     141.628114       0.001891
    7.6980     145.502758       0.001371
    7.7480     149.368177       0.000279
    7.8000     153.313707       0.001403
    7.8560     157.795723       0.001108
    7.9120     162.352771       0.001413
    7.9720     167.510529       0.000165
    8.0340     172.781969       0.001397
    8.0920     178.019573       0.000770
    8.1580     184.079487       0.000976
    8.2200     190.044751       0.000223
    8.2840     196.154239       0.001894
    8.3500     203.011585       0.000148
    8.4240     210.604627       0.001688
    8.4940     218.366333       0.000198
    8.5700     226.935348       0.000102
    8.6520     236.405664       0.001210
    8.7300     246.049640       0.000022
    8.8140     256.670146       0.000269
    8.9020     268.314876       0.000268
    8.9940     281.062871       0.000140
    9.0900     294.995797       0.000044
    9.1900     310.187444       0.000242
    9.2940     326.735202       0.000880
    9.4060     345.747540       0.000342
    9.5220     366.390042       0.000886
    9.6460     389.925318       0.000875
    9.7780     416.653905       0.000745
    9.9180     446.880578       0.001106
   10.0700     482.475773       0.000239
   10.2300     522.324470       0.001878
   10.4040     570.381105       0.000187
   10.6020     629.742972       0.000502
   10.8140     699.849390       0.001668
   11.0480     787.156177       0.000789
   11.3220     902.485432       0.001565
   11.6280    1051.891373       0.001361
   11.9960    1264.519951       0.001320
   12.4420    1581.527157       0.000049
   13.0240    2114.392221       0.001406
   13.8340    3170.509786       0.001225
   15.2260    6362.136637       0.000327
