     -0.017320508076
     -0.034740291118
     -0.052258441944
     -0.069874002076
     -0.087585960609
     -0.105393253059
     -0.123294760217
     -0.141289307002
     -0.159375661298
     -0.177552532807
     -0.195818571891
     -0.214172368414
     -0.232612450601
     -0.251137283880
     -0.269745269748
     -0.288434744630
     -0.307203978758
     -0.326051175050
     -0.344974468007
     -0.363971922619
     -0.383041533292
     -0.402181222782
     -0.421388841162
     -0.440662164795
     -0.459998895342
     -0.479396658786
     -0.498853004490
     -0.518365404283
     -0.537931251573
     -0.557547860498
     -0.577212465120
     -0.596922218642
     -0.616674192687
     -0.636465376601
     -0.656292676819
     -0.676152916273
     -0.696042833855
     -0.715959083931
     -0.735898235920
     -0.755856773929
     -0.775831096453
     -0.795817516143
     -0.815812259643
     -0.835811467498
     -0.855811194141
     -0.875807407958
     -0.895795991430
     -0.915772741367
     -0.935733369226
     -0.955673501517
     -0.975588680307
     -0.995474363814
     -1.015325927111
     -1.035138662918
     -1.054907782510
     -1.074628416721
     -1.094295617071
     -1.113904356988
     -1.133449533163
     -1.152925967002
     -1.172328406210
     -1.191651526490
     -1.210889933364
     -1.230038164112
     -1.249090689848
     -1.268041917708
     -1.286886193171
     -1.305617802510
     -1.324230975361
     -1.342719887429
     -1.361078663318
     -1.379301379485
     -1.397382067327
     -1.415314716386
     -1.433093277686
     -1.450711667185
     -1.468163769350
     -1.485443440855
     -1.502544514384
     -1.519460802555
     -1.536186101946
     -1.552714197231
     -1.569038865408
     -1.585153880127
     -1.601053016107
     -1.616730053629
     -1.632178783117
     -1.647393009771
     -1.662366558278
     -1.677093277560
     -1.691567045573
     -1.705781774137
     -1.719731413779
     -1.733409958598
     -1.746811451108
     -1.759929987075
     -1.772759720305
     -1.785294867389
     -1.797529712364
     -1.809458611275
     -1.821075996620
     -1.832376381631
     -1.843354364376
     -1.854004631629
     -1.864321962457
     -1.874301231491
     -1.883937411784
     -1.893225577194
     -1.902160904180
     -1.910738672886
     -1.918954267350
     -1.926803174614
     -1.934280982481
     -1.941383375512
     -1.948106128788
     -1.954445098704
     -1.960396209808
     -1.965955436227
     -1.971118775489
     -1.975882211408
     -1.980241660656
     -1.984192894120
     -1.987731417397
     -1.990852281307
     -1.993549763667
     -1.995816791041
     -1.997643762543
     -1.999015701079
     -1.999902805813
     -2.000181643806
     -1.999902786375
     -1.999354336759
     -1.998494551502
     -1.997300423017
     -1.995758193900
     -1.993859098353
     -1.991597334654
     -1.988969013264
     -1.985971566959
     -1.982603397777
     -1.978863653910
     -1.974752082127
     -1.970268926262
     -1.965414854956
     -1.960190908606
     -1.954598459323
     -1.948639179892
     -1.942315019124
     -1.935628181802
     -1.928581112000
     -1.921176478905
     -1.913417164522
     -1.905306252795
     -1.896847019827
     -1.888042924930
     -1.878897602339
     -1.869414853414
     -1.859598639257
     -1.849453073630
     -1.838982416125
     -1.828191065527
     -1.817083553343
     -1.805664537454
     -1.793938795871
     -1.781911220588
     -1.769586811503
     -1.756970670414
     -1.744067995071
     -1.730884073290
     -1.717424277119
     -1.703694057064
     -1.689698936366
     -1.675444505342
     -1.660936415777
     -1.646180375392
     -1.631182142366
     -1.615947519937
     -1.600482351073
     -1.584792513220
     -1.568883913139
     -1.552762481823
     -1.536434169507
     -1.519904940772
     -1.503180769748
     -1.486267635422
     -1.469171517043
     -1.451898389650
     -1.434454219696
     -1.416844960801
     -1.399076549617
     -1.381154901810
     -1.363085908172
     -1.344875430850
     -1.326529299705
     -1.308053308800
     -1.289453213012
     -1.270734724774
     -1.251903510953
     -1.232965189850
     -1.213925328336
     -1.194789439119
     -1.175562978136
     -1.156251342081
     -1.136859866056
     -1.117393821357
     -1.097858413379
     -1.078258779653
     -1.058599988003
     -1.038887034826
     -1.019124843497
     -0.999318262886
     -0.979472065996
     -0.959590948714
     -0.939679528672
     -0.919742344225
     -0.899783853524
     -0.879808433708
     -0.859820380183
     -0.839823906013
     -0.819823141397
     -0.799822133248
     -0.779824844855
     -0.759835155641
     -0.739856860996
     -0.719893672198
     -0.699949216415
     -0.680027036774
     -0.660130592511
     -0.640263259186
     -0.620428328971
     -0.600629010992
     -0.580868431741
     -0.561149635542
     -0.541475585074
     -0.521849161945
     -0.502273167318
     -0.482750322580
     -0.463283270062
     -0.443874573793
     -0.424526720301
     -0.405242119443
     -0.386023105276
     -0.366871936957
     -0.347790799671
     -0.328781805590
     -0.309846994854
     -0.290988336577
     -0.272207729874
     -0.253507004902
     -0.234887923930
     -0.216352182408
     -0.197901410063
     -0.179537172002
     -0.161260969819
     -0.143074242722
     -0.124978368656
     -0.106974665439
     -0.089064391897
     -0.071248749004
     -0.053528881024
     -0.035905876650
     -0.018380770146
     -0.000954542484
      0.016371877525
