      0.010086602540
      0.020348410835
      0.030787943184
      0.041407734170
      0.052210333938
      0.063198307429
      0.074374233585
      0.085740704500
      0.097300324533
      0.109055709384
      0.121009485116
      0.133164287136
      0.145522759130
      0.158087551950
      0.170861322454
      0.183846732296
      0.197046446666
      0.210463132980
      0.224099459522
      0.237958094026
      0.252041702214
      0.266352946275
      0.280894483293
      0.295668963621
      0.310679029194
      0.325927311798
      0.341416431274
      0.357148993666
      0.373127589322
      0.389354790928
      0.405833151494
      0.422565202276
      0.439553450651
      0.456800377928
      0.474308437109
      0.492080050593
      0.510117607824
      0.528423462887
      0.546999932053
      0.565849291269
      0.584973773595
      0.604375566598
      0.624056809692
      0.644019591433
      0.664265946766
      0.684797854236
      0.705617233146
      0.726725940687
      0.748125769022
      0.769818442339
      0.791805613874
      0.814088862896
      0.836669691679
      0.859549522436
      0.882729694242
      0.906211459938
      0.929995983023
      0.954084334533
      0.978477489917
      1.003176325916
      1.028181617435
      1.053494034436
      1.079114138829
      1.105042381393
      1.131279098710
      1.157824510132
      1.184678714777
      1.211841688564
      1.239313281294
      1.267093213773
      1.295181075001
      1.323576319410
      1.352278264177
      1.381286086606
      1.410598821591
      1.440215359161
      1.470134442117
      1.500354663771
      1.530874465781
      1.561692136100
      1.592805807041
      1.624213453462
      1.655912891081
      1.687901774923
      1.720177597906
      1.752737689576
      1.785579214989
      1.818699173748
      1.852094399208
      1.885761557836
      1.919697148754
      1.953897503442
      1.988358785637
      2.023076991396
      2.058047949357
      2.093267321185
      2.128730602201
      2.164433122213
      2.200370046536
      2.236536377197
      2.272926954346
      2.309536457851
      2.346359409081
      2.383390172884
      2.420622959738
      2.458051828083
      2.495670686827
      2.533473298006
      2.571453279602
      2.609604108492
      2.647919123518
      2.686391528664
      2.725014396294
      2.763780670441
      2.802683170093
      2.841714592418
      2.880867515870
      2.920134403065
      2.959507603304
      2.998979354551
      3.038541784590
      3.078186910943
      3.117906638886
      3.157692756446
      3.197536924409
      3.237430657412
      3.277365287590
      3.317331888024
      3.357321073332
      3.397321917784
      3.437319973730
      3.477309757383
      3.517285461941
      3.557240636524
      3.597168467904
      3.637061924927
      3.676913840133
      3.716716960613
      3.756463982472
      3.796147575846
      3.835760404157
      3.875295139626
      3.914744476268
      3.954101141114
      3.993357904122
      4.032507587116
      4.071543071949
      4.110457308051
      4.149243319459
      4.187894211406
      4.226403176530
      4.264763500730
      4.302968568715
      4.341011869253
      4.378887000145
      4.416587672935
      4.454107717361
      4.491441085565
      4.528581856050
      4.565524237406
      4.602262571798
      4.638791338222
      4.675105155531
      4.711198785233
      4.747067134064
      4.782705256336
      4.818108356070
      4.853271788899
      4.888191063765
      4.922861844396
      4.957279950576
      4.991441359201
      5.025342205138
      5.058978781876
      5.092347541987
      5.125445097384
      5.158268219401
      5.190813838677
      5.223079044871
      5.255061086196
      5.286757368781
      5.318165455878
      5.349283066898
      5.380108076299
      5.410638512333
      5.440872555635
      5.470808537695
      5.500444939182
      5.529780388157
      5.558813658163
      5.587543666203
      5.615969470616
      5.644090268846
      5.671905395132
      5.699414318094
      5.726616638252
      5.753512085461
      5.780100516287
      5.806381911309
      5.832356372372
      5.858024119785
      5.883385489478
      5.908440930113
      5.933191000161
      5.957636364958
      5.981777793723
      6.005616156571
      6.029152421496
      6.052387651361
      6.075323000869
      6.097959713539
      6.120299118686
      6.142342628403
      6.164091734560
      6.185548005813
      6.206713084636
      6.227588684366
      6.248176586283
      6.268478636710
      6.288496744143
      6.308232876421
      6.327689057925
      6.346867366816
      6.365769932312
      6.384398932009
      6.402756589248
      6.420845170516
      6.438666982909
      6.456224371633
      6.473519717554
      6.490555434808
      6.507333968449
      6.523857792162
      6.540129406020
      6.556151334298
      6.571926123343
      6.587456339497
      6.602744567070
      6.617793406377
      6.632605471823
      6.647183390047
      6.661529798119
      6.675647341790
      6.689538673803
      6.703206452250
      6.716653338990
      6.729881998115
      6.742895094475
      6.755695292248
      6.768285253566
      6.780667637194
      6.792845097256
      6.804820282011
      6.816595832679
      6.828174382315
      6.839558554731
      6.850750963463
      6.861754210784
      6.872570886762
      6.883203568360
      6.893654818582
      6.903927185661
      6.914023202282
      6.923945384851
