   4.9000000000000037E-002
   9.9000000000000074E-002
  0.14900000000000010     
  0.19900000000000015     
  0.24900000000000019     
  0.29900000000000021     
  0.34900000000000025     
  0.39900000000000030     
  0.44900000000000034     
  0.49900000000000039     
  0.54900000000000038     
  0.59900000000000042     
  0.64900000000000047     
  0.69900000000000051     
  0.74900000000000055     
  0.79900000000000060     
  0.84900000000000064     
  0.89900000000000069     
  0.94900000000000073     
  0.99900000000000078     
   1.0489999999999953     
   1.0989999999999898     
   1.1489999999999843     
   1.1989999999999787     
   1.2489999999999732     
   1.2989999999999677     
   1.3489999999999622     
   1.3989999999999567     
   1.4489999999999512     
   1.4989999999999457     
   1.5489999999999402     
   1.5989999999999347     
   1.6489999999999292     
   1.6989999999999237     
   1.7489999999999182     
   1.7989999999999127     
   1.8489999999999072     
   1.8989999999999017     
   1.9489999999998961     
   1.9989999999998906     
   2.0489999999998854     
   2.0989999999998799     
   2.1489999999998743     
   2.1989999999998688     
   2.2489999999998633     
   2.2989999999998578     
   2.3489999999998523     
   2.3989999999998468     
   2.4489999999998413     
   2.4989999999998358     
   2.5489999999998303     
   2.5989999999998248     
   2.6489999999998193     
   2.6989999999998138     
   2.7489999999998083     
   2.7989999999998028     
   2.8489999999997973     
   2.8989999999997917     
   2.9489999999997862     
   2.9989999999997807     
   3.0489999999997752     
   3.0989999999997697     
   3.1489999999997642     
   3.1989999999997587     
   3.2489999999997532     
   3.2989999999997477     
   3.3489999999997422     
   3.3989999999997367     
   3.4489999999997312     
   3.4989999999997257     
   3.5489999999997202     
   3.5989999999997146     
   3.6489999999997091     
   3.6989999999997036     
   3.7489999999996981     
   3.7989999999996926     
   3.8489999999996871     
   3.8989999999996816     
   3.9489999999996761     
   3.9989999999996706     
   4.0489999999996868     
   4.0989999999997035     
   4.1489999999997202     
   4.1989999999997369     
   4.2489999999997536     
   4.2989999999997703     
   4.3489999999997870     
   4.3989999999998037     
   4.4489999999998204     
   4.4989999999998371     
   4.5489999999998538     
   4.5989999999998705     
   4.6489999999998872     
   4.6989999999999039     
   4.7489999999999206     
   4.7989999999999373     
   4.8489999999999540     
   4.8989999999999707     
   4.9489999999999874     
   4.9990000000000041     
   5.0490000000000208     
   5.0990000000000375     
   5.1490000000000542     
   5.1990000000000709     
   5.2490000000000876     
   5.2990000000001043     
   5.3490000000001210     
   5.3990000000001377     
   5.4490000000001544     
   5.4990000000001711     
   5.5490000000001878     
   5.5990000000002045     
   5.6490000000002212     
   5.6990000000002379     
   5.7490000000002546     
   5.7990000000002713     
   5.8490000000002880     
   5.8990000000003047     
   5.9490000000003214     
   5.9990000000003381     
