   2.4000000000000007E-002
   6.4000000000000043E-002
  0.10400000000000008     
  0.14400000000000010     
  0.18400000000000014     
  0.22400000000000017     
  0.26400000000000018     
  0.30400000000000021     
  0.34400000000000025     
  0.38400000000000029     
  0.42400000000000032     
  0.46400000000000036     
  0.50400000000000034     
  0.54400000000000037     
  0.58400000000000041     
  0.62400000000000044     
  0.66400000000000048     
  0.70400000000000051     
  0.74400000000000055     
  0.78400000000000059     
  0.82400000000000062     
  0.86400000000000066     
  0.90400000000000069     
  0.94400000000000073     
  0.98400000000000076     
   1.0240000000000007     
   1.0640000000000007     
   1.1040000000000008     
   1.1440000000000008     
   1.1840000000000008     
   1.2240000000000009     
   1.2640000000000009     
   1.3040000000000009     
   1.3440000000000010     
   1.3840000000000010     
   1.4240000000000010     
   1.4640000000000011     
   1.5040000000000011     
   1.5440000000000011     
   1.5840000000000012     
   1.6240000000000012     
   1.6640000000000013     
   1.7040000000000013     
   1.7440000000000013     
   1.7840000000000014     
   1.8240000000000014     
   1.8640000000000014     
   1.9040000000000015     
   1.9440000000000015     
   1.9840000000000015     
   2.0239999999999987     
   2.0639999999999943     
   2.1039999999999899     
   2.1439999999999855     
   2.1839999999999811     
   2.2239999999999767     
   2.2639999999999723     
   2.3039999999999679     
   2.3439999999999634     
   2.3839999999999590     
   2.4239999999999546     
   2.4639999999999502     
   2.5039999999999458     
   2.5439999999999414     
   2.5839999999999370     
   2.6239999999999326     
   2.6639999999999282     
   2.7039999999999238     
   2.7439999999999194     
   2.7839999999999150     
   2.8239999999999106     
   2.8639999999999062     
   2.9039999999999018     
   2.9439999999998974     
   2.9839999999998930     
   3.0239999999998886     
   3.0639999999998841     
   3.1039999999998797     
   3.1439999999998753     
   3.1839999999998709     
   3.2239999999998665     
   3.2639999999998621     
   3.3039999999998577     
   3.3439999999998533     
   3.3839999999998489     
   3.4239999999998445     
   3.4639999999998401     
   3.5039999999998357     
   3.5439999999998313     
   3.5839999999998269     
   3.6239999999998225     
   3.6639999999998181     
   3.7039999999998137     
   3.7439999999998093     
   3.7839999999998049     
   3.8239999999998004     
   3.8639999999997960     
   3.9039999999997916     
   3.9439999999997872     
   3.9839999999997828     
   4.0239999999997789     
   4.0639999999997745     
   4.1039999999997701     
   4.1439999999997656     
   4.1839999999997612     
   4.2239999999997568     
   4.2639999999997524     
   4.3039999999997480     
   4.3439999999997436     
   4.3839999999997392     
   4.4239999999997348     
   4.4639999999997304     
   4.5039999999997260     
   4.5439999999997216     
   4.5839999999997172     
   4.6239999999997128     
   4.6639999999997084     
   4.7039999999997040     
   4.7439999999996996     
   4.7839999999996952     
   4.8239999999996908     
   4.8639999999996864     
   4.9039999999996819     
   4.9439999999996775     
   4.9839999999996731     
   5.0239999999996687     
   5.0639999999996643     
   5.1039999999996599     
   5.1439999999996555     
   5.1839999999996511     
   5.2239999999996467     
   5.2639999999996423     
   5.3039999999996379     
   5.3439999999996335     
   5.3839999999996291     
   5.4239999999996247     
   5.4639999999996203     
   5.5039999999996159     
   5.5439999999996115     
   5.5839999999996071     
   5.6239999999996027     
   5.6639999999995982     
   5.7039999999995938     
   5.7439999999995894     
   5.7839999999995850     
   5.8239999999995806     
   5.8639999999995762     
   5.9039999999995718     
   5.9439999999995674     
   5.9839999999995630     
   6.0239999999995586     
   6.0639999999995542     
   6.1039999999995498     
   6.1439999999995454     
   6.1839999999995410     
   6.2239999999995366     
   6.2639999999995322     
   6.3039999999995278     
   6.3439999999995234     
   6.3839999999995189     
   6.4239999999995145     
   6.4639999999995101     
   6.5039999999995057     
   6.5439999999995013     
   6.5839999999994969     
   6.6239999999994925     
   6.6639999999994881     
   6.7039999999994837     
   6.7439999999994793     
   6.7839999999994749     
   6.8239999999994705     
   6.8639999999994661     
   6.9039999999994617     
   6.9439999999994573     
   6.9839999999994529     
   7.0239999999994485     
   7.0639999999994441     
   7.1039999999994397     
   7.1439999999994352     
   7.1839999999994308     
   7.2239999999994264     
   7.2639999999994220     
   7.3039999999994176     
   7.3439999999994132     
   7.3839999999994088     
   7.4239999999994044     
   7.4639999999994000     
   7.5039999999993956     
   7.5439999999993912     
   7.5839999999993868     
   7.6239999999993824     
   7.6639999999993780     
   7.7039999999993736     
   7.7439999999993692     
   7.7839999999993648     
   7.8239999999993604     
   7.8639999999993559     
   7.9039999999993515     
   7.9439999999993471     
   7.9839999999993427     
   8.0239999999993490     
   8.0639999999993623     
   8.1039999999993757     
   8.1439999999993891     
   8.1839999999994024     
   8.2239999999994158     
   8.2639999999994291     
   8.3039999999994425     
   8.3439999999994559     
   8.3839999999994692     
   8.4239999999994826     
   8.4639999999994959     
   8.5039999999995093     
   8.5439999999995226     
   8.5839999999995360     
   8.6239999999995494     
   8.6639999999995627     
   8.7039999999995761     
   8.7439999999995894     
   8.7839999999996028     
   8.8239999999996162     
   8.8639999999996295     
   8.9039999999996429     
   8.9439999999996562     
   8.9839999999996696     
   9.0239999999996829     
   9.0639999999996963     
   9.1039999999997097     
   9.1439999999997230     
   9.1839999999997364     
   9.2239999999997497     
   9.2639999999997631     
   9.3039999999997764     
   9.3439999999997898     
   9.3839999999998032     
   9.4239999999998165     
   9.4639999999998299     
   9.5039999999998432     
   9.5439999999998566     
   9.5839999999998700     
   9.6239999999998833     
   9.6639999999998967     
   9.7039999999999100     
   9.7439999999999234     
   9.7839999999999367     
   9.8239999999999501     
   9.8639999999999635     
   9.9039999999999768     
   9.9439999999999902     
   9.9840000000000035     
